FAC 1.1.4
Endian	= 0
TSess	= 1522482997
Type	= 2
Verbose	= 1
Fe Z	=  26.0
NBlocks	= 7

NELE	= 2
NTRANS	= 2
MULTIP	= -1
GAUGE	= 2
MODE	= 1
     3  2      0  0  6.666779E+03  6.558751E-02  4.216395E+13  2.833926E-02
     6  2      0  0  6.700112E+03  7.255675E-01  4.711184E+14 -9.402296E-02

NELE	= 2
NTRANS	= 6
MULTIP	= -1
GAUGE	= 2
MODE	= 1
     2  0      1  2  2.943734E+01  1.002038E-02  3.767825E+08 -1.666975E-01
     3  2      1  2  3.152808E+01  2.961941E-02  4.258528E+08  2.769335E-01
     4  0      3  2  7.319593E-01  6.110873E-05  1.420648E+03  8.255515E-02
     5  4      1  2  4.617494E+01  7.994569E-02  1.479268E+09  3.759503E-01
     6  2      1  2  6.486145E+01  5.682273E-03  3.457669E+08  8.456755E-02
     6  2      4  0  3.260141E+01  3.094513E-02  4.757219E+08  2.783646E-01

NELE	= 2
NTRANS	= 1
MULTIP	= 1
GAUGE	= 2
MODE	= 0
     1  2      0  0  6.635251E+03  3.093179E-07  1.969735E+08 -6.168931E-05

NELE	= 2
NTRANS	= 6
MULTIP	= 1
GAUGE	= 2
MODE	= 0
     3  2      2  0  2.090747E+00  1.222377E-06  7.728515E+01  6.908566E-03
     4  0      1  2  3.226004E+01  2.527248E-09  1.141266E+02 -7.997007E-05
     5  4      3  2  1.464686E+01  1.079196E-05  2.009225E+04 -7.755576E-03
     6  2      2  0  3.542411E+01  1.949767E-06  3.538904E+04  2.119717E-03
     6  2      3  2  3.333337E+01  1.316596E-06  2.115919E+04 -1.795654E-03
     6  2      5  4  1.868651E+01  1.135864E-06  5.736816E+03  2.227589E-03

NELE	= 2
NTRANS	= 4
MULTIP	= -2
GAUGE	= 2
MODE	= 1
     5  4      2  0  1.673760E+01  3.632048E-10  8.830338E-01  1.210547E-02
     5  4      3  2  1.464686E+01  5.044603E-10  9.391935E-01  1.742781E-02
     6  2      3  2  3.333337E+01  1.461890E-09  2.349423E+01  8.641408E-03
     6  2      5  4  1.868651E+01  9.881089E-11  4.990561E-01 -5.352491E-03

NELE	= 2
NTRANS	= 1
MULTIP	= 2
GAUGE	= 2
MODE	= 1
     5  4      0  0  6.681426E+03  1.685717E-05  6.530738E+09 -3.269900E-04

NELE	= 2
NTRANS	= 4
MULTIP	= 2
GAUGE	= 2
MODE	= 1
     3  2      1  2  3.152808E+01  2.357281E-12  3.389179E-02 -3.772291E-04
     5  4      1  2  4.617494E+01  7.343786E-11  1.358851E+00 -1.187945E-03
     5  4      4  0  1.391490E+01  1.339493E-12  2.250815E-03  9.698313E-04
     6  2      1  2  6.486145E+01  1.830205E-10  1.113682E+01 -1.126460E-03
