FAC 1.0.3
Endian	= 1
TSess	= 1070670486
Type	= 2
Verbose	= 1
Fe Z	=  26.0
NBlocks	= 7

NELE	= 2
NTRANS	= 2
MULTIP	= -1
GAUGE	= 2
MODE	= 1
    3	 2	    0	 0	 6.6666E+03  6.56970143E-02  4.22323253E+13
    6	 2	    0	 0	 6.7000E+03  7.25454330E-01  4.71022587E+14

NELE	= 2
NTRANS	= 6
MULTIP	= -1
GAUGE	= 2
MODE	= 1
    2	 0	    1	 2	 2.9419E+01  1.00141419E-02  3.76079616E+08
    3	 2	    1	 2	 3.1510E+01  2.95978487E-02  4.25055712E+08
    4	 0	    3	 2	 7.5142E-01  6.28397029E-05  1.53959058E+03
    5	 4	    1	 2	 4.6172E+01  7.99398348E-02  1.47894694E+09
    6	 2	    1	 2	 6.4844E+01  5.69016393E-03  3.46065568E+08
    6	 2	    4	 0	 3.2583E+01  3.09229288E-02  4.74843648E+08

NELE	= 2
NTRANS	= 1
MULTIP	= 1
GAUGE	= 2
MODE	= 0
    1	 2	    0	 0	 6.6351E+03  3.06617210E-07  1.95245344E+08

NELE	= 2
NTRANS	= 6
MULTIP	= 1
GAUGE	= 2
MODE	= 0
    3	 2	    2	 0	 2.0910E+00  1.22232541E-06  7.73005753E+01
    4	 0	    1	 2	 3.2261E+01  2.52564747E-09  1.14064316E+02
    5	 4	    3	 2	 1.4662E+01  1.08011927E-05  2.01498789E+04
    6	 2	    2	 0	 3.5425E+01  1.95304096E-06  3.54510508E+04
    6	 2	    3	 2	 3.3334E+01  1.31850891E-06  2.11912539E+04
    6	 2	    5	 4	 1.8673E+01  1.13702617E-06  5.73428076E+03

NELE	= 2
NTRANS	= 4
MULTIP	= -2
GAUGE	= 2
MODE	= 1
    5	 4	    2	 0	 1.6753E+01  3.64179548E-10  8.86988819E-01
    5	 4	    3	 2	 1.4662E+01  5.05903319E-10  9.43774581E-01
    6	 2	    3	 2	 3.3334E+01  1.46427082E-09  2.35339584E+01
    6	 2	    5	 4	 1.8673E+01  9.87557466E-11  4.98047590E-01

NELE	= 2
NTRANS	= 1
MULTIP	= 2
GAUGE	= 2
MODE	= 1
    5	 4	    0	 0	 6.6813E+03  1.68564038E-05  6.53015757E+09

NELE	= 2
NTRANS	= 4
MULTIP	= 2
GAUGE	= 2
MODE	= 1
    3	 2	    1	 2	 3.1510E+01  2.34968772E-12  3.37439440E-02
    5	 4	    1	 2	 4.6172E+01  7.34218936E-11  1.35836005E+00
    5	 4	    4	 0	 1.3910E+01  1.33812200E-12  2.24698079E-03
    6	 2	    1	 2	 6.4844E+01  1.82907203E-10  1.11240883E+01
