# FAC 1.1.5
# Energy  = 8.00000E+03 
# ESigma  = 1.20000E+01 
# ETrans  = 0.00000E+00 
# Density = 1.00000E+00 
# IDR     = -1 

  2     3     0 -1  6.66635E+03  5.21237E-03  1.056E+00  1.589E-01
  2     6     0 -1  6.69975E+03  2.36968E-02  1.272E+00  6.407E-01
  2     2     1 -1  2.89984E+01  1.75465E-03  1.000E+00  0.000E+00
  2     3     1 -1  3.11018E+01  5.06630E-08  9.720E-01 -8.632E-02
  2     4     3 -1  1.19662E+00  9.73959E-09  1.000E+00  0.000E+00
  2     5     1 -1  4.57989E+01  1.53889E-03  1.114E+00  3.065E-01
  2     6     1 -1  6.44989E+01  1.72142E-08  8.642E-01 -4.713E-01
  2     6     4 -1  3.22005E+01  2.31820E-08  1.272E+00  6.407E-01
  2     1     0  1  6.63525E+03  6.15301E-03  1.028E+00 -8.303E-02
  2     3     2  1  2.10332E+00  9.73973E-15  1.056E+00 -1.589E-01
  2     4     1  1  3.22984E+01  1.77799E-10  1.000E+00  0.000E+00
  2     5     3  1  1.46972E+01  2.16133E-08  1.114E+00 -3.065E-01
  2     6     2  1  3.55005E+01  1.80120E-12  1.272E+00 -6.407E-01
  2     6     3  1  3.33971E+01  1.07586E-12  8.642E-01  4.713E-01
  2     6     5  1  1.87000E+01  2.90838E-13  1.027E+00 -7.931E-02
  2     5     2 -2  1.68005E+01  9.60593E-13  8.374E-01  5.825E-01
  2     5     3 -2  1.46972E+01  1.01984E-12  9.187E-01  2.655E-01
  2     6     3 -2  3.33971E+01  1.20257E-15  8.642E-01  4.713E-01
  2     6     5 -2  1.87000E+01  2.53901E-17  1.136E+00 -3.586E-01
  2     5     0  2  6.68105E+03  6.93042E-03  8.374E-01 -5.825E-01
  2     3     1  2  3.11018E+01  3.91734E-18  9.720E-01 -8.632E-02
  2     5     1  2  4.57989E+01  1.39069E-12  9.187E-01 -2.655E-01
  2     5     4  2  1.35005E+01  2.06489E-15  8.374E-01 -5.825E-01
  2     6     1  2  6.44989E+01  5.47363E-16  8.642E-01 -4.713E-01
