FAC 1.1.5
Endian	= 0
TSess	= 1750422288
Type	= 2
Verbose	= 1
Fe Z	=  26.0
NBlocks	= 7

NELE	= 2
NTRANS	= 2
MULTIP	= -1
GAUGE	= 2
MODE	= 1
     3  2      0  0  6.666332E+03  6.550829E-02  4.210741E+13  2.832309E-02
     6  2      0  0  6.699729E+03  7.231660E-01  4.695056E+14 -9.386989E-02

NELE	= 2
NTRANS	= 6
MULTIP	= -1
GAUGE	= 2
MODE	= 1
     2  0      1  2  2.899912E+01  9.884483E-03  3.606892E+08 -1.668094E-01
     3  2      1  2  3.110243E+01  2.925317E-02  4.093077E+08  2.770928E-01
     4  0      3  2  1.195830E+00  1.002634E-04  6.221444E+03  8.273179E-02
     5  4      1  2  4.579942E+01  7.939619E-02  1.445304E+09  3.761888E-01
     6  2      1  2  6.449949E+01  5.668140E-03  3.410684E+08  8.469897E-02
     6  2      4  0  3.220123E+01  3.062650E-02  4.593361E+08  2.786432E-01

NELE	= 2
NTRANS	= 1
MULTIP	= 1
GAUGE	= 2
MODE	= 0
     1  2      0  0  6.635230E+03  3.088866E-07  1.966977E+08 -6.164637E-05

NELE	= 2
NTRANS	= 6
MULTIP	= 1
GAUGE	= 2
MODE	= 0
     3  2      2  0  2.103309E+00  1.229639E-06  7.868140E+01  6.908332E-03
     4  0      1  2  3.229826E+01  2.514004E-09  1.137978E+02 -7.971304E-05
     5  4      3  2  1.469699E+01  1.082801E-05  2.029760E+04 -7.755255E-03
     6  2      2  0  3.550037E+01  1.957708E-06  3.568634E+04  2.121747E-03
     6  2      3  2  3.339706E+01  1.321277E-06  2.131565E+04 -1.797127E-03
     6  2      5  4  1.870007E+01  1.139269E-06  5.762373E+03  2.230116E-03

NELE	= 2
NTRANS	= 4
MULTIP	= -2
GAUGE	= 2
MODE	= 1
     5  4      2  0  1.680030E+01  3.682815E-10  9.020973E-01  1.212161E-02
     5  4      3  2  1.469699E+01  5.109164E-10  9.577365E-01  1.744930E-02
     6  2      3  2  3.339706E+01  1.476878E-09  2.382590E+01  8.660751E-03
     6  2      5  4  1.870007E+01  9.945913E-11  5.030597E-01 -5.364176E-03

NELE	= 2
NTRANS	= 1
MULTIP	= 2
GAUGE	= 2
MODE	= 1
     5  4      0  0  6.681029E+03  1.680227E-05  6.508699E+09 -3.264860E-04

NELE	= 2
NTRANS	= 4
MULTIP	= 2
GAUGE	= 2
MODE	= 1
     3  2      1  2  3.110243E+01  2.262031E-12  3.165013E-02 -3.771407E-04
     5  4      1  2  4.579942E+01  7.175168E-11  1.306146E+00 -1.188699E-03
     5  4      4  0  1.350116E+01  1.226170E-12  1.939690E-03  9.708779E-04
     6  2      1  2  6.449949E+01  1.802371E-10  1.084539E+01 -1.127284E-03
