FAC 1.1.5
Endian	= 0
TSess	= 1667190853
Type	= 2
Verbose	= 1
Fe Z	=  26.0
NBlocks	= 7

NELE	= 2
NTRANS	= 2
MULTIP	= -1
GAUGE	= 2
MODE	= 1
     3  2      0  0  6.666472E+03  6.558829E-02  4.216059E+13  2.834008E-02
     6  2      0  0  6.699870E+03  7.243970E-01  4.703247E+14 -9.394877E-02

NELE	= 2
NTRANS	= 6
MULTIP	= -1
GAUGE	= 2
MODE	= 1
     2  0      1  2  2.901343E+01  9.881462E-03  3.609350E+08 -1.667428E-01
     3  2      1  2  3.111388E+01  2.924196E-02  4.094520E+08  2.769887E-01
     4  0      3  2  1.164749E+00  9.749120E-05  5.739049E+03  8.266134E-02
     5  4      1  2  4.580601E+01  7.934742E-02  1.444832E+09  3.760461E-01
     6  2      1  2  6.451244E+01  5.662767E-03  3.408819E+08  8.465032E-02
     6  2      4  0  3.223381E+01  3.062227E-02  4.602026E+08  2.784831E-01

NELE	= 2
NTRANS	= 1
MULTIP	= 1
GAUGE	= 2
MODE	= 0
     1  2      0  0  6.635358E+03  3.088562E-07  1.966860E+08 -6.164274E-05

NELE	= 2
NTRANS	= 6
MULTIP	= 1
GAUGE	= 2
MODE	= 0
     3  2      2  0  2.100444E+00  1.227986E-06  7.836172E+01  6.908394E-03
     4  0      1  2  3.227862E+01  2.515530E-09  1.137284E+02 -7.976148E-05
     5  4      3  2  1.469214E+01  1.082478E-05  2.027817E+04 -7.755379E-03
     6  2      2  0  3.549901E+01  1.956918E-06  3.566920E+04  2.121359E-03
     6  2      3  2  3.339856E+01  1.321052E-06  2.131394E+04 -1.796933E-03
     6  2      5  4  1.870642E+01  1.138894E-06  5.764389E+03  2.229371E-03

NELE	= 2
NTRANS	= 4
MULTIP	= -2
GAUGE	= 2
MODE	= 1
     5  4      2  0  1.679258E+01  3.671804E-10  8.985745E-01  1.211181E-02
     5  4      3  2  1.469214E+01  5.096121E-10  9.546615E-01  1.743564E-02
     6  2      3  2  3.339856E+01  1.474077E-09  2.378286E+01  8.651951E-03
     6  2      5  4  1.870642E+01  9.936763E-11  5.029384E-01 -5.358978E-03

NELE	= 2
NTRANS	= 1
MULTIP	= 2
GAUGE	= 2
MODE	= 1
     5  4      0  0  6.681164E+03  1.683089E-05  6.520050E+09 -3.267541E-04

NELE	= 2
NTRANS	= 4
MULTIP	= 2
GAUGE	= 2
MODE	= 1
     3  2      1  2  3.111388E+01  2.263693E-12  3.169669E-02 -3.770711E-04
     5  4      1  2  4.580601E+01  7.172826E-11  1.306095E+00 -1.188248E-03
     5  4      4  0  1.352739E+01  1.231877E-12  1.956298E-03  9.703052E-04
     6  2      1  2  6.451244E+01  1.802011E-10  1.084758E+01 -1.126832E-03
