FAC 1.1.5
Endian	= 0
TSess	= 1670165033
Type	= 2
Verbose	= 1
Fe Z	=  26.0
NBlocks	= 7

NELE	= 2
NTRANS	= 2
MULTIP	= -1
GAUGE	= 2
MODE	= 1
     3  2      0  0  6.666348E+03  6.550992E-02  4.210866E+13  2.832341E-02
     6  2      0  0  6.699745E+03  7.231590E-01  4.695034E+14 -9.386933E-02

NELE	= 2
NTRANS	= 6
MULTIP	= -1
GAUGE	= 2
MODE	= 1
     2  0      1  2  2.899738E+01  9.883898E-03  3.606245E+08 -1.668095E-01
     3  2      1  2  3.110072E+01  2.925150E-02  4.092394E+08  2.770925E-01
     4  0      3  2  1.197675E+00  1.004214E-04  6.250486E+03  8.273317E-02
     5  4      1  2  4.579811E+01  7.939399E-02  1.445181E+09  3.761889E-01
     6  2      1  2  6.449804E+01  5.668194E-03  3.410563E+08  8.470032E-02
     6  2      4  0  3.219965E+01  3.062495E-02  4.592676E+08  2.786430E-01

NELE	= 2
NTRANS	= 1
MULTIP	= 1
GAUGE	= 2
MODE	= 0
     1  2      0  0  6.635247E+03  3.087437E-07  1.966077E+08 -6.163202E-05

NELE	= 2
NTRANS	= 6
MULTIP	= 1
GAUGE	= 2
MODE	= 0
     3  2      2  0  2.103345E+00  1.229656E-06  7.868519E+01  6.908321E-03
     4  0      1  2  3.229839E+01  2.514038E-09  1.138003E+02 -7.971341E-05
     5  4      3  2  1.469739E+01  1.082827E-05  2.029920E+04 -7.755245E-03
     6  2      2  0  3.550066E+01  1.957785E-06  3.568834E+04  2.121779E-03
     6  2      3  2  3.339732E+01  1.321323E-06  2.131673E+04 -1.797152E-03
     6  2      5  4  1.869993E+01  1.139298E-06  5.762433E+03  2.230153E-03

NELE	= 2
NTRANS	= 4
MULTIP	= -2
GAUGE	= 2
MODE	= 1
     5  4      2  0  1.680073E+01  3.683109E-10  9.022158E-01  1.212162E-02
     5  4      3  2  1.469739E+01  5.109576E-10  9.578657E-01  1.744930E-02
     6  2      3  2  3.339732E+01  1.476958E-09  2.382756E+01  8.660886E-03
     6  2      5  4  1.869993E+01  9.946019E-11  5.030576E-01 -5.364265E-03

NELE	= 2
NTRANS	= 1
MULTIP	= 2
GAUGE	= 2
MODE	= 1
     5  4      0  0  6.681046E+03  1.680224E-05  6.508720E+09 -3.264845E-04

NELE	= 2
NTRANS	= 4
MULTIP	= 2
GAUGE	= 2
MODE	= 1
     3  2      1  2  3.110072E+01  2.261595E-12  3.164055E-02 -3.771355E-04
     5  4      1  2  4.579811E+01  7.174559E-11  1.305960E+00 -1.188699E-03
     5  4      4  0  1.349971E+01  1.225778E-12  1.938654E-03  9.708784E-04
     6  2      1  2  6.449804E+01  1.802257E-10  1.084422E+01 -1.127286E-03
