FAC 1.1.4
Endian	= 0
TSess	= 1532023847
Type	= 2
Verbose	= 1
Fe Z	=  26.0
NBlocks	= 7

NELE	= 2
NTRANS	= 2
MULTIP	= -1
GAUGE	= 2
MODE	= 1
     3  2      0  0  6.666548E+03  6.517801E-02  4.189782E+13  2.825114E-02
     6  2      0  0  6.700020E+03  7.230615E-01  4.694785E+14 -9.386107E-02

NELE	= 2
NTRANS	= 6
MULTIP	= -1
GAUGE	= 2
MODE	= 1
     2  0      1  2  2.897359E+01  9.870145E-03  3.595322E+08 -1.667618E-01
     3  2      1  2  3.108391E+01  2.923146E-02  4.085169E+08  2.770725E-01
     4  0      3  2  1.195673E+00  9.979654E-05  6.190849E+03  8.254436E-02
     5  4      1  2  4.577601E+01  7.931296E-02  1.442313E+09  3.760877E-01
     6  2      1  2  6.455593E+01  5.644873E-03  3.402630E+08  8.448799E-02
     6  2      4  0  3.227635E+01  3.071418E-02  4.628028E+08  2.787169E-01

NELE	= 2
NTRANS	= 1
MULTIP	= 1
GAUGE	= 2
MODE	= 0
     1  2      0  0  6.635464E+03  3.082997E-07  1.963378E+08 -6.158669E-05

NELE	= 2
NTRANS	= 6
MULTIP	= 1
GAUGE	= 2
MODE	= 0
     3  2      2  0  2.110317E+00  1.234392E-06  7.951277E+01  6.910169E-03
     4  0      1  2  3.227958E+01  2.496825E-09  1.128895E+02 -7.946320E-05
     5  4      3  2  1.469210E+01  1.082930E-05  2.028652E+04 -7.757008E-03
     6  2      2  0  3.558234E+01  1.953334E-06  3.577121E+04  2.116932E-03
     6  2      3  2  3.347202E+01  1.318844E-06  2.137202E+04 -1.793460E-03
     6  2      5  4  1.877992E+01  1.139199E-06  5.811332E+03  2.225302E-03

NELE	= 2
NTRANS	= 4
MULTIP	= -2
GAUGE	= 2
MODE	= 1
     5  4      2  0  1.680242E+01  3.678198E-10  9.011935E-01  1.211172E-02
     5  4      3  2  1.469210E+01  5.097887E-10  9.549868E-01  1.743874E-02
     6  2      3  2  3.347202E+01  1.478241E-09  2.395506E+01  8.635656E-03
     6  2      5  4  1.877992E+01  1.001287E-10  5.107806E-01 -5.347912E-03

NELE	= 2
NTRANS	= 1
MULTIP	= 2
GAUGE	= 2
MODE	= 1
     5  4      0  0  6.681240E+03  1.679368E-05  6.505785E+09 -3.263871E-04

NELE	= 2
NTRANS	= 4
MULTIP	= 2
GAUGE	= 2
MODE	= 1
     3  2      1  2  3.108391E+01  2.266013E-12  3.166809E-02 -3.778100E-04
     5  4      1  2  4.577601E+01  7.160320E-11  1.302110E+00 -1.188379E-03
     5  4      4  0  1.349642E+01  1.225039E-12  1.936541E-03  9.709401E-04
     6  2      1  2  6.455593E+01  1.805308E-10  1.088208E+01 -1.126723E-03
