FAC 1.1.5
Endian	= 0
TSess	= 1533317506
Type	= 2
Verbose	= 1
Fe Z	=  26.0
NBlocks	= 7

NELE	= 2
NTRANS	= 2
MULTIP	= -1
GAUGE	= 2
MODE	= 1
     3  2      0  0  6.666487E+03  6.558891E-02  4.216118E+13  2.834018E-02
     6  2      0  0  6.699887E+03  7.243888E-01  4.703216E+14 -9.394812E-02

NELE	= 2
NTRANS	= 6
MULTIP	= -1
GAUGE	= 2
MODE	= 1
     2  0      1  2  2.901806E+01  9.883058E-03  3.611085E+08 -1.667429E-01
     3  2      1  2  3.111864E+01  2.924644E-02  4.096402E+08  2.769887E-01
     4  0      3  2  1.159604E+00  9.706314E-05  5.663478E+03  8.266246E-02
     5  4      1  2  4.581146E+01  7.935698E-02  1.445350E+09  3.760464E-01
     6  2      1  2  6.451827E+01  5.663394E-03  3.409812E+08  8.465118E-02
     6  2      4  0  3.224002E+01  3.062835E-02  4.604712E+08  2.784839E-01

NELE	= 2
NTRANS	= 1
MULTIP	= 1
GAUGE	= 2
MODE	= 0
     1  2      0  0  6.635368E+03  3.088489E-07  1.966819E+08 -6.164196E-05

NELE	= 2
NTRANS	= 6
MULTIP	= 1
GAUGE	= 2
MODE	= 0
     3  2      2  0  2.100580E+00  1.228065E-06  7.837690E+01  6.908392E-03
     4  0      1  2  3.227825E+01  2.515352E-09  1.137177E+02 -7.975912E-05
     5  4      3  2  1.469281E+01  1.082527E-05  2.028093E+04 -7.755375E-03
     6  2      2  0  3.550020E+01  1.957017E-06  3.567340E+04  2.121377E-03
     6  2      3  2  3.339962E+01  1.321111E-06  2.131624E+04 -1.796945E-03
     6  2      5  4  1.870681E+01  1.138946E-06  5.764889E+03  2.229398E-03

NELE	= 2
NTRANS	= 4
MULTIP	= -2
GAUGE	= 2
MODE	= 1
     5  4      2  0  1.679339E+01  3.672334E-10  8.987908E-01  1.211181E-02
     5  4      3  2  1.469281E+01  5.096812E-10  9.548782E-01  1.743563E-02
     6  2      3  2  3.339962E+01  1.474242E-09  2.378703E+01  8.652026E-03
     6  2      5  4  1.870681E+01  9.937556E-11  5.029993E-01 -5.359026E-03

NELE	= 2
NTRANS	= 1
MULTIP	= 2
GAUGE	= 2
MODE	= 1
     5  4      0  0  6.681180E+03  1.683081E-05  6.520048E+09 -3.267521E-04

NELE	= 2
NTRANS	= 4
MULTIP	= 2
GAUGE	= 2
MODE	= 1
     3  2      1  2  3.111864E+01  2.264699E-12  3.172051E-02 -3.770682E-04
     5  4      1  2  4.581146E+01  7.175395E-11  1.306874E+00 -1.188249E-03
     5  4      4  0  1.353321E+01  1.233477E-12  1.960524E-03  9.703090E-04
     6  2      1  2  6.451827E+01  1.802506E-10  1.085252E+01 -1.126834E-03
