FAC 1.1.5
Endian	= 0
TSess	= 1724896467
Type	= 2
Verbose	= 1
Fe Z	=  26.0
NBlocks	= 7

NELE	= 2
NTRANS	= 2
MULTIP	= -1
GAUGE	= 2
MODE	= 1
     3  2      0  0  6.666348E+03  6.550981E-02  4.210858E+13  2.832338E-02
     6  2      0  0  6.699745E+03  7.231591E-01  4.695034E+14 -9.386934E-02

NELE	= 2
NTRANS	= 6
MULTIP	= -1
GAUGE	= 2
MODE	= 1
     2  0      1  2  2.899743E+01  9.883915E-03  3.606263E+08 -1.668095E-01
     3  2      1  2  3.110077E+01  2.925156E-02  4.092413E+08  2.770926E-01
     4  0      3  2  1.197627E+00  1.004173E-04  6.249733E+03  8.273310E-02
     5  4      1  2  4.579813E+01  7.939403E-02  1.445183E+09  3.761889E-01
     6  2      1  2  6.449807E+01  5.668188E-03  3.410562E+08  8.470026E-02
     6  2      4  0  3.219967E+01  3.062497E-02  4.592687E+08  2.786430E-01

NELE	= 2
NTRANS	= 1
MULTIP	= 1
GAUGE	= 2
MODE	= 0
     1  2      0  0  6.635247E+03  3.087432E-07  1.966075E+08 -6.163198E-05

NELE	= 2
NTRANS	= 6
MULTIP	= 1
GAUGE	= 2
MODE	= 0
     3  2      2  0  2.103342E+00  1.229655E-06  7.868489E+01  6.908322E-03
     4  0      1  2  3.229840E+01  2.514038E-09  1.138003E+02 -7.971341E-05
     5  4      3  2  1.469736E+01  1.082826E-05  2.029910E+04 -7.755245E-03
     6  2      2  0  3.550064E+01  1.957781E-06  3.568821E+04  2.121778E-03
     6  2      3  2  3.339730E+01  1.321321E-06  2.131666E+04 -1.797150E-03
     6  2      5  4  1.869994E+01  1.139296E-06  5.762425E+03  2.230151E-03

NELE	= 2
NTRANS	= 4
MULTIP	= -2
GAUGE	= 2
MODE	= 1
     5  4      2  0  1.680070E+01  3.683090E-10  9.022084E-01  1.212162E-02
     5  4      3  2  1.469736E+01  5.109550E-10  9.578576E-01  1.744930E-02
     6  2      3  2  3.339730E+01  1.476953E-09  2.382745E+01  8.660879E-03
     6  2      5  4  1.869994E+01  9.946008E-11  5.030572E-01 -5.364261E-03

NELE	= 2
NTRANS	= 1
MULTIP	= 2
GAUGE	= 2
MODE	= 1
     5  4      0  0  6.681046E+03  1.680224E-05  6.508720E+09 -3.264845E-04

NELE	= 2
NTRANS	= 4
MULTIP	= 2
GAUGE	= 2
MODE	= 1
     3  2      1  2  3.110077E+01  2.261609E-12  3.164084E-02 -3.771358E-04
     5  4      1  2  4.579813E+01  7.174570E-11  1.305963E+00 -1.188699E-03
     5  4      4  0  1.349973E+01  1.225784E-12  1.938670E-03  9.708784E-04
     6  2      1  2  6.449807E+01  1.802259E-10  1.084423E+01 -1.127286E-03
