FAC 1.1.5
Endian	= 0
TSess	= 1755110050
Type	= 2
Verbose	= 1
Fe Z	=  26.0
NBlocks	= 7

NELE	= 2
NTRANS	= 2
MULTIP	= -1
GAUGE	= 2
MODE	= 1
     3  2      0  0  6.666350E+03  6.550899E-02  4.210808E+13  2.832320E-02
     6  2      0  0  6.699747E+03  7.231614E-01  4.695052E+14 -9.386947E-02

NELE	= 2
NTRANS	= 6
MULTIP	= -1
GAUGE	= 2
MODE	= 1
     2  0      1  2  2.899844E+01  9.884249E-03  3.606637E+08 -1.668094E-01
     3  2      1  2  3.110176E+01  2.925250E-02  4.092805E+08  2.770926E-01
     4  0      3  2  1.196615E+00  1.003308E-04  6.233803E+03  8.273245E-02
     5  4      1  2  4.579891E+01  7.939532E-02  1.445256E+09  3.761888E-01
     6  2      1  2  6.449889E+01  5.668175E-03  3.410642E+08  8.469962E-02
     6  2      4  0  3.220052E+01  3.062579E-02  4.593053E+08  2.786430E-01

NELE	= 2
NTRANS	= 1
MULTIP	= 1
GAUGE	= 2
MODE	= 0
     1  2      0  0  6.635249E+03  3.087430E-07  1.966074E+08 -6.163195E-05

NELE	= 2
NTRANS	= 6
MULTIP	= 1
GAUGE	= 2
MODE	= 0
     3  2      2  0  2.103319E+00  1.229643E-06  7.868236E+01  6.908326E-03
     4  0      1  2  3.229837E+01  2.514037E-09  1.138001E+02 -7.971343E-05
     5  4      3  2  1.469716E+01  1.082812E-05  2.029829E+04 -7.755250E-03
     6  2      2  0  3.550046E+01  1.957743E-06  3.568715E+04  2.121763E-03
     6  2      3  2  3.339714E+01  1.321298E-06  2.131609E+04 -1.797139E-03
     6  2      5  4  1.869998E+01  1.139282E-06  5.762379E+03  2.230134E-03

NELE	= 2
NTRANS	= 4
MULTIP	= -2
GAUGE	= 2
MODE	= 1
     5  4      2  0  1.680048E+01  3.682934E-10  9.021458E-01  1.212161E-02
     5  4      3  2  1.469716E+01  5.109335E-10  9.577908E-01  1.744929E-02
     6  2      3  2  3.339714E+01  1.476909E-09  2.382652E+01  8.660813E-03
     6  2      5  4  1.869998E+01  9.945918E-11  5.030550E-01 -5.364217E-03

NELE	= 2
NTRANS	= 1
MULTIP	= 2
GAUGE	= 2
MODE	= 1
     5  4      0  0  6.681047E+03  1.680228E-05  6.508740E+09 -3.264848E-04

NELE	= 2
NTRANS	= 4
MULTIP	= 2
GAUGE	= 2
MODE	= 1
     3  2      1  2  3.110176E+01  2.261852E-12  3.164625E-02 -3.771381E-04
     5  4      1  2  4.579891E+01  7.174932E-11  1.306074E+00 -1.188699E-03
     5  4      4  0  1.350054E+01  1.226003E-12  1.939249E-03  9.708778E-04
     6  2      1  2  6.449889E+01  1.802324E-10  1.084490E+01 -1.127285E-03
