FAC 1.1.5
Endian	= 0
TSess	= 1750186705
Type	= 2
Verbose	= 1
Fe Z	=  26.0
NBlocks	= 7

NELE	= 2
NTRANS	= 2
MULTIP	= -1
GAUGE	= 2
MODE	= 1
     3  2      0  0  6.666345E+03  6.549955E-02  4.210195E+13  2.832117E-02
     6  2      0  0  6.699740E+03  7.229509E-01  4.693676E+14 -9.385586E-02

NELE	= 2
NTRANS	= 6
MULTIP	= -1
GAUGE	= 2
MODE	= 1
     2  0      1  2  2.899671E+01  9.885143E-03  3.606532E+08 -1.668219E-01
     3  2      1  2  3.110039E+01  2.925520E-02  4.092823E+08  2.771115E-01
     4  0      3  2  1.202130E+00  1.008292E-04  6.322648E+03  8.274720E-02
     5  4      1  2  4.579828E+01  7.940555E-02  1.445402E+09  3.762156E-01
     6  2      1  2  6.449594E+01  5.669435E-03  3.411087E+08  8.471097E-02
     6  2      4  0  3.219342E+01  3.062500E-02  4.590907E+08  2.786702E-01

NELE	= 2
NTRANS	= 1
MULTIP	= 1
GAUGE	= 2
MODE	= 0
     1  2      0  0  6.635244E+03  3.087192E-07  1.965920E+08 -6.162959E-05

NELE	= 2
NTRANS	= 6
MULTIP	= 1
GAUGE	= 2
MODE	= 0
     3  2      2  0  2.103684E+00  1.229845E-06  7.872266E+01  6.908295E-03
     4  0      1  2  3.230252E+01  2.513915E-09  1.138238E+02 -7.970638E-05
     5  4      3  2  1.469789E+01  1.082856E-05  2.030113E+04 -7.755214E-03
     6  2      2  0  3.549923E+01  1.957929E-06  3.568807E+04  2.121900E-03
     6  2      3  2  3.339555E+01  1.321375E-06  2.131530E+04 -1.797234E-03
     6  2      5  4  1.869766E+01  1.139319E-06  5.761135E+03  2.230309E-03

NELE	= 2
NTRANS	= 4
MULTIP	= -2
GAUGE	= 2
MODE	= 1
     5  4      2  0  1.680157E+01  3.684799E-10  9.027203E-01  1.212349E-02
     5  4      3  2  1.469789E+01  5.111611E-10  9.583128E-01  1.745188E-02
     6  2      3  2  3.339555E+01  1.477343E-09  2.383125E+01  8.662704E-03
     6  2      5  4  1.869766E+01  9.946429E-11  5.029559E-01 -5.365355E-03

NELE	= 2
NTRANS	= 1
MULTIP	= 2
GAUGE	= 2
MODE	= 1
     5  4      0  0  6.681043E+03  1.679757E-05  6.506907E+09 -3.264394E-04

NELE	= 2
NTRANS	= 4
MULTIP	= 2
GAUGE	= 2
MODE	= 1
     3  2      1  2  3.110039E+01  2.261604E-12  3.164000E-02 -3.771422E-04
     5  4      1  2  4.579828E+01  7.175657E-11  1.306169E+00 -1.188783E-03
     5  4      4  0  1.349576E+01  1.224952E-12  1.936213E-03  9.709776E-04
     6  2      1  2  6.449594E+01  1.802358E-10  1.084411E+01 -1.127373E-03
