FAC 1.1.5
Endian	= 0
TSess	= 1611663948
Type	= 2
Verbose	= 1
Fe Z	=  26.0
NBlocks	= 7

NELE	= 2
NTRANS	= 2
MULTIP	= -1
GAUGE	= 2
MODE	= 1
     3  2      0  0  6.666487E+03  6.558898E-02  4.216123E+13  2.834020E-02
     6  2      0  0  6.699887E+03  7.243892E-01  4.703219E+14 -9.394815E-02

NELE	= 2
NTRANS	= 6
MULTIP	= -1
GAUGE	= 2
MODE	= 1
     2  0      1  2  2.901807E+01  9.883055E-03  3.611086E+08 -1.667429E-01
     3  2      1  2  3.111865E+01  2.924644E-02  4.096403E+08  2.769887E-01
     4  0      3  2  1.159601E+00  9.706292E-05  5.663439E+03  8.266246E-02
     5  4      1  2  4.581146E+01  7.935698E-02  1.445350E+09  3.760464E-01
     6  2      1  2  6.451826E+01  5.663395E-03  3.409812E+08  8.465119E-02
     6  2      4  0  3.224001E+01  3.062833E-02  4.604708E+08  2.784839E-01

NELE	= 2
NTRANS	= 1
MULTIP	= 1
GAUGE	= 2
MODE	= 0
     1  2      0  0  6.635368E+03  3.088496E-07  1.966824E+08 -6.164204E-05

NELE	= 2
NTRANS	= 6
MULTIP	= 1
GAUGE	= 2
MODE	= 0
     3  2      2  0  2.100579E+00  1.228064E-06  7.837674E+01  6.908392E-03
     4  0      1  2  3.227825E+01  2.515356E-09  1.137179E+02 -7.975919E-05
     5  4      3  2  1.469281E+01  1.082526E-05  2.028093E+04 -7.755375E-03
     6  2      2  0  3.550019E+01  1.957018E-06  3.567340E+04  2.121378E-03
     6  2      3  2  3.339961E+01  1.321111E-06  2.131624E+04 -1.796946E-03
     6  2      5  4  1.870680E+01  1.138946E-06  5.764884E+03  2.229399E-03

NELE	= 2
NTRANS	= 4
MULTIP	= -2
GAUGE	= 2
MODE	= 1
     5  4      2  0  1.679339E+01  3.672332E-10  8.987899E-01  1.211181E-02
     5  4      3  2  1.469281E+01  5.096810E-10  9.548777E-01  1.743563E-02
     6  2      3  2  3.339961E+01  1.474242E-09  2.378701E+01  8.652026E-03
     6  2      5  4  1.870680E+01  9.937546E-11  5.029984E-01 -5.359026E-03

NELE	= 2
NTRANS	= 1
MULTIP	= 2
GAUGE	= 2
MODE	= 1
     5  4      0  0  6.681180E+03  1.683082E-05  6.520052E+09 -3.267522E-04

NELE	= 2
NTRANS	= 4
MULTIP	= 2
GAUGE	= 2
MODE	= 1
     3  2      1  2  3.111865E+01  2.264699E-12  3.172051E-02 -3.770682E-04
     5  4      1  2  4.581146E+01  7.175395E-11  1.306874E+00 -1.188249E-03
     5  4      4  0  1.353321E+01  1.233477E-12  1.960525E-03  9.703088E-04
     6  2      1  2  6.451826E+01  1.802505E-10  1.085251E+01 -1.126834E-03
