FAC 1.1.5
Endian	= 0
TSess	= 1748005294
Type	= 2
Verbose	= 1
Fe Z	=  26.0
NBlocks	= 7

NELE	= 2
NTRANS	= 2
MULTIP	= -1
GAUGE	= 2
MODE	= 1
     3  2      0  0  6.666347E+03  6.550745E-02  4.210705E+13  2.832288E-02
     6  2      0  0  6.699744E+03  7.230919E-01  4.694596E+14 -9.386498E-02

NELE	= 2
NTRANS	= 6
MULTIP	= -1
GAUGE	= 2
MODE	= 1
     2  0      1  2  2.899709E+01  9.884288E-03  3.606315E+08 -1.668136E-01
     3  2      1  2  3.110053E+01  2.925263E-02  4.092502E+08  2.770987E-01
     4  0      3  2  1.199220E+00  1.005632E-04  6.275471E+03  8.273822E-02
     5  4      1  2  4.579814E+01  7.939779E-02  1.445252E+09  3.761978E-01
     6  2      1  2  6.449718E+01  5.668654E-03  3.410748E+08  8.470432E-02
     6  2      4  0  3.219742E+01  3.062473E-02  4.592009E+08  2.786516E-01

NELE	= 2
NTRANS	= 1
MULTIP	= 1
GAUGE	= 2
MODE	= 0
     1  2      0  0  6.635247E+03  3.087361E-07  1.966028E+08 -6.163127E-05

NELE	= 2
NTRANS	= 6
MULTIP	= 1
GAUGE	= 2
MODE	= 0
     3  2      2  0  2.103446E+00  1.229710E-06  7.869624E+01  6.908308E-03
     4  0      1  2  3.229975E+01  2.514032E-09  1.138096E+02 -7.971164E-05
     5  4      3  2  1.469761E+01  1.082840E-05  2.030005E+04 -7.755230E-03
     6  2      2  0  3.550009E+01  1.957850E-06  3.568835E+04  2.121832E-03
     6  2      3  2  3.339664E+01  1.321351E-06  2.131631E+04 -1.797188E-03
     6  2      5  4  1.869903E+01  1.139308E-06  5.761930E+03  2.230217E-03

NELE	= 2
NTRANS	= 4
MULTIP	= -2
GAUGE	= 2
MODE	= 1
     5  4      2  0  1.680105E+01  3.683702E-10  9.023958E-01  1.212225E-02
     5  4      3  2  1.469761E+01  5.110307E-10  9.580317E-01  1.745015E-02
     6  2      3  2  3.339664E+01  1.477090E-09  2.382873E+01  8.661537E-03
     6  2      5  4  1.869903E+01  9.946044E-11  5.030105E-01 -5.364659E-03

NELE	= 2
NTRANS	= 1
MULTIP	= 2
GAUGE	= 2
MODE	= 1
     5  4      0  0  6.681045E+03  1.680075E-05  6.508143E+09 -3.264702E-04

NELE	= 2
NTRANS	= 4
MULTIP	= 2
GAUGE	= 2
MODE	= 1
     3  2      1  2  3.110053E+01  2.261558E-12  3.163965E-02 -3.771358E-04
     5  4      1  2  4.579814E+01  7.174914E-11  1.306026E+00 -1.188727E-03
     5  4      4  0  1.349839E+01  1.225498E-12  1.937832E-03  9.709104E-04
     6  2      1  2  6.449718E+01  1.802279E-10  1.084405E+01 -1.127316E-03
