FAC 1.1.5
Endian	= 0
TSess	= 1667745462
Type	= 2
Verbose	= 1
Fe Z	=  26.0
NBlocks	= 7

NELE	= 2
NTRANS	= 2
MULTIP	= -1
GAUGE	= 2
MODE	= 1
     3  2      0  0  6.666348E+03  6.550511E-02  4.210556E+13  2.832237E-02
     6  2      0  0  6.699744E+03  7.230523E-01  4.694339E+14 -9.386241E-02

NELE	= 2
NTRANS	= 6
MULTIP	= -1
GAUGE	= 2
MODE	= 1
     2  0      1  2  2.899798E+01  9.884887E-03  3.606755E+08 -1.668161E-01
     3  2      1  2  3.110145E+01  2.925431E-02  4.092978E+08  2.771026E-01
     4  0      3  2  1.199164E+00  1.005647E-04  6.274971E+03  8.274075E-02
     5  4      1  2  4.579898E+01  7.940149E-02  1.445373E+09  3.762031E-01
     6  2      1  2  6.449754E+01  5.668938E-03  3.410958E+08  8.470621E-02
     6  2      4  0  3.219693E+01  3.062543E-02  4.591973E+08  2.786569E-01

NELE	= 2
NTRANS	= 1
MULTIP	= 1
GAUGE	= 2
MODE	= 0
     1  2      0  0  6.635246E+03  3.087157E-07  1.965899E+08 -6.162924E-05

NELE	= 2
NTRANS	= 6
MULTIP	= 1
GAUGE	= 2
MODE	= 0
     3  2      2  0  2.103476E+00  1.229735E-06  7.870001E+01  6.908328E-03
     4  0      1  2  3.230061E+01  2.513172E-09  1.137767E+02 -7.969694E-05
     5  4      3  2  1.469753E+01  1.082846E-05  2.029995E+04 -7.755273E-03
     6  2      2  0  3.549957E+01  1.957927E-06  3.568872E+04  2.121889E-03
     6  2      3  2  3.339609E+01  1.321452E-06  2.131724E+04 -1.797272E-03
     6  2      5  4  1.869856E+01  1.139220E-06  5.761189E+03  2.230158E-03

NELE	= 2
NTRANS	= 4
MULTIP	= -2
GAUGE	= 2
MODE	= 1
     5  4      2  0  1.680101E+01  3.683900E-10  9.024393E-01  1.212262E-02
     5  4      3  2  1.469753E+01  5.110535E-10  9.580644E-01  1.745068E-02
     6  2      3  2  3.339609E+01  1.477134E-09  2.382865E+01  8.661881E-03
     6  2      5  4  1.869856E+01  9.946045E-11  5.029849E-01 -5.364864E-03

NELE	= 2
NTRANS	= 1
MULTIP	= 2
GAUGE	= 2
MODE	= 1
     5  4      0  0  6.681045E+03  1.679986E-05  6.507800E+09 -3.264615E-04

NELE	= 2
NTRANS	= 4
MULTIP	= 2
GAUGE	= 2
MODE	= 1
     3  2      1  2  3.110145E+01  2.261786E-12  3.164471E-02 -3.771381E-04
     5  4      1  2  4.579898E+01  7.175511E-11  1.306183E+00 -1.188744E-03
     5  4      4  0  1.349837E+01  1.225541E-12  1.937894E-03  9.709296E-04
     6  2      1  2  6.449754E+01  1.802364E-10  1.084469E+01 -1.127333E-03
