FAC 1.1.1
Endian	= 0
TSess	= 1186437990
Type	= 2
Verbose	= 1
Fe Z	=  26.0
NBlocks	= 7

NELE	= 2
NTRANS	= 2
MULTIP	= -1
GAUGE	= 2
MODE	= 1
     3  2      0  0  6.666645E+03  6.564657E-02  4.220023E+13  2.835231E-02
     6  2      0  0  6.699991E+03  7.254938E-01  4.710534E+14 -9.401903E-02

NELE	= 2
NTRANS	= 6
MULTIP	= -1
GAUGE	= 2
MODE	= 1
     2  0      1  2  2.941624E+01  1.001320E-02  3.759731E+08 -1.666975E-01
     3  2      1  2  3.150854E+01  2.959853E-02  4.250253E+08  2.769217E-01
     4  0      3  2  7.515041E-01  6.279915E-05  1.538954E+03  8.259376E-02
     5  4      1  2  4.616920E+01  7.993576E-02  1.478718E+09  3.759503E-01
     6  2      1  2  6.485417E+01  5.686798E-03  3.459646E+08  8.460597E-02
     6  2      4  0  3.259413E+01  3.093568E-02  4.753642E+08  2.783532E-01

NELE	= 2
NTRANS	= 1
MULTIP	= 1
GAUGE	= 2
MODE	= 0
     1  2      0  0  6.635137E+03  3.093229E-07  1.969699E+08 -6.169033E-05

NELE	= 2
NTRANS	= 6
MULTIP	= 1
GAUGE	= 2
MODE	= 0
     3  2      2  0  2.092295E+00  1.223178E-06  7.745038E+01  6.908271E-03
     4  0      1  2  3.226004E+01  2.527248E-09  1.141266E+02 -7.997007E-05
     5  4      3  2  1.466067E+01  1.080128E-05  2.014754E+04 -7.755267E-03
     6  2      2  0  3.543793E+01  1.952291E-06  3.546249E+04  2.120675E-03
     6  2      3  2  3.334563E+01  1.318121E-06  2.119928E+04 -1.796363E-03
     6  2      5  4  1.868496E+01  1.136867E-06  5.740930E+03  2.228665E-03

NELE	= 2
NTRANS	= 4
MULTIP	= -2
GAUGE	= 2
MODE	= 1
     5  4      2  0  1.675296E+01  3.642057E-10  8.870933E-01  1.210547E-02
     5  4      3  2  1.466067E+01  5.058458E-10  9.435501E-01  1.742707E-02
     6  2      3  2  3.334563E+01  1.464741E-09  2.355738E+01  8.645059E-03
     6  2      5  4  1.868496E+01  9.887558E-11  4.993001E-01 -5.354908E-03

NELE	= 2
NTRANS	= 1
MULTIP	= 2
GAUGE	= 2
MODE	= 1
     5  4      0  0  6.681306E+03  1.685626E-05  6.530152E+09 -3.269900E-04

NELE	= 2
NTRANS	= 4
MULTIP	= 2
GAUGE	= 2
MODE	= 1
     3  2      1  2  3.150854E+01  2.350951E-12  3.375888E-02 -3.770729E-04
     5  4      1  2  4.616920E+01  7.341052E-11  1.358008E+00 -1.187945E-03
     5  4      4  0  1.390916E+01  1.337839E-12  2.246183E-03  9.698313E-04
     6  2      1  2  6.485417E+01  1.829759E-10  1.113160E+01 -1.126512E-03
