FAC 1.1.5
Endian	= 0
TSess	= 1705332443
Type	= 2
Verbose	= 1
Fe Z	=  26.0
NBlocks	= 7

NELE	= 2
NTRANS	= 2
MULTIP	= -1
GAUGE	= 2
MODE	= 1
     3  2      0  0  6.666348E+03  6.550986E-02  4.210861E+13  2.832339E-02
     6  2      0  0  6.699746E+03  7.231591E-01  4.695035E+14 -9.386934E-02

NELE	= 2
NTRANS	= 6
MULTIP	= -1
GAUGE	= 2
MODE	= 1
     2  0      1  2  2.899740E+01  9.883907E-03  3.606255E+08 -1.668095E-01
     3  2      1  2  3.110075E+01  2.925154E-02  4.092405E+08  2.770926E-01
     4  0      3  2  1.197649E+00  1.004191E-04  6.250070E+03  8.273313E-02
     5  4      1  2  4.579812E+01  7.939401E-02  1.445182E+09  3.761889E-01
     6  2      1  2  6.449805E+01  5.668190E-03  3.410561E+08  8.470028E-02
     6  2      4  0  3.219966E+01  3.062496E-02  4.592682E+08  2.786430E-01

NELE	= 2
NTRANS	= 1
MULTIP	= 1
GAUGE	= 2
MODE	= 0
     1  2      0  0  6.635247E+03  3.087436E-07  1.966077E+08 -6.163202E-05

NELE	= 2
NTRANS	= 6
MULTIP	= 1
GAUGE	= 2
MODE	= 0
     3  2      2  0  2.103343E+00  1.229655E-06  7.868501E+01  6.908321E-03
     4  0      1  2  3.229840E+01  2.514038E-09  1.138003E+02 -7.971341E-05
     5  4      3  2  1.469737E+01  1.082826E-05  2.029914E+04 -7.755245E-03
     6  2      2  0  3.550065E+01  1.957783E-06  3.568826E+04  2.121778E-03
     6  2      3  2  3.339731E+01  1.321322E-06  2.131669E+04 -1.797151E-03
     6  2      5  4  1.869994E+01  1.139297E-06  5.762429E+03  2.230152E-03

NELE	= 2
NTRANS	= 4
MULTIP	= -2
GAUGE	= 2
MODE	= 1
     5  4      2  0  1.680071E+01  3.683098E-10  9.022114E-01  1.212162E-02
     5  4      3  2  1.469737E+01  5.109560E-10  9.578608E-01  1.744930E-02
     6  2      3  2  3.339731E+01  1.476955E-09  2.382750E+01  8.660882E-03
     6  2      5  4  1.869994E+01  9.946012E-11  5.030573E-01 -5.364262E-03

NELE	= 2
NTRANS	= 1
MULTIP	= 2
GAUGE	= 2
MODE	= 1
     5  4      0  0  6.681046E+03  1.680224E-05  6.508720E+09 -3.264845E-04

NELE	= 2
NTRANS	= 4
MULTIP	= 2
GAUGE	= 2
MODE	= 1
     3  2      1  2  3.110075E+01  2.261603E-12  3.164071E-02 -3.771357E-04
     5  4      1  2  4.579812E+01  7.174565E-11  1.305961E+00 -1.188699E-03
     5  4      4  0  1.349972E+01  1.225781E-12  1.938662E-03  9.708784E-04
     6  2      1  2  6.449805E+01  1.802258E-10  1.084422E+01 -1.127286E-03
