FAC 1.1.5
Endian	= 0
TSess	= 1658033821
Type	= 2
Verbose	= 1
Fe Z	=  26.0
NBlocks	= 7

NELE	= 2
NTRANS	= 2
MULTIP	= -1
GAUGE	= 2
MODE	= 1
     3  2      0  0  6.666490E+03  6.558890E-02  4.216122E+13  2.834017E-02
     6  2      0  0  6.699890E+03  7.243883E-01  4.703217E+14 -9.394807E-02

NELE	= 2
NTRANS	= 6
MULTIP	= -1
GAUGE	= 2
MODE	= 1
     2  0      1  2  2.901855E+01  9.883221E-03  3.611266E+08 -1.667429E-01
     3  2      1  2  3.111913E+01  2.924689E-02  4.096593E+08  2.769887E-01
     4  0      3  2  1.159126E+00  9.702320E-05  5.656485E+03  8.266247E-02
     5  4      1  2  4.581194E+01  7.935781E-02  1.445395E+09  3.760464E-01
     6  2      1  2  6.451875E+01  5.663437E-03  3.409889E+08  8.465119E-02
     6  2      4  0  3.224049E+01  3.062879E-02  4.604913E+08  2.784839E-01

NELE	= 2
NTRANS	= 1
MULTIP	= 1
GAUGE	= 2
MODE	= 0
     1  2      0  0  6.635371E+03  3.088469E-07  1.966808E+08 -6.164175E-05

NELE	= 2
NTRANS	= 6
MULTIP	= 1
GAUGE	= 2
MODE	= 0
     3  2      2  0  2.100579E+00  1.228064E-06  7.837682E+01  6.908392E-03
     4  0      1  2  3.227826E+01  2.515343E-09  1.137174E+02 -7.975897E-05
     5  4      3  2  1.469281E+01  1.082527E-05  2.028094E+04 -7.755375E-03
     6  2      2  0  3.550020E+01  1.957018E-06  3.567340E+04  2.121378E-03
     6  2      3  2  3.339962E+01  1.321111E-06  2.131624E+04 -1.796946E-03
     6  2      5  4  1.870680E+01  1.138946E-06  5.764885E+03  2.229399E-03

NELE	= 2
NTRANS	= 4
MULTIP	= -2
GAUGE	= 2
MODE	= 1
     5  4      2  0  1.679339E+01  3.672334E-10  8.987906E-01  1.211181E-02
     5  4      3  2  1.469281E+01  5.096812E-10  9.548783E-01  1.743563E-02
     6  2      3  2  3.339962E+01  1.474242E-09  2.378702E+01  8.652028E-03
     6  2      5  4  1.870680E+01  9.937550E-11  5.029986E-01 -5.359027E-03

NELE	= 2
NTRANS	= 1
MULTIP	= 2
GAUGE	= 2
MODE	= 1
     5  4      0  0  6.681183E+03  1.683081E-05  6.520057E+09 -3.267519E-04

NELE	= 2
NTRANS	= 4
MULTIP	= 2
GAUGE	= 2
MODE	= 1
     3  2      1  2  3.111913E+01  2.264804E-12  3.172297E-02 -3.770682E-04
     5  4      1  2  4.581194E+01  7.175624E-11  1.306943E+00 -1.188249E-03
     5  4      4  0  1.353369E+01  1.233608E-12  1.960870E-03  9.703090E-04
     6  2      1  2  6.451875E+01  1.802546E-10  1.085292E+01 -1.126834E-03
