FAC 1.1.5
Endian	= 0
TSess	= 1669992182
Type	= 2
Verbose	= 1
Fe Z	=  26.0
NBlocks	= 7

NELE	= 2
NTRANS	= 2
MULTIP	= -1
GAUGE	= 2
MODE	= 1
     3  2      0  0  6.666348E+03  6.550521E-02  4.210562E+13  2.832239E-02
     6  2      0  0  6.699744E+03  7.230522E-01  4.694338E+14 -9.386241E-02

NELE	= 2
NTRANS	= 6
MULTIP	= -1
GAUGE	= 2
MODE	= 1
     2  0      1  2  2.899797E+01  9.884886E-03  3.606754E+08 -1.668161E-01
     3  2      1  2  3.110145E+01  2.925431E-02  4.092979E+08  2.771026E-01
     4  0      3  2  1.199163E+00  1.005647E-04  6.274968E+03  8.274081E-02
     5  4      1  2  4.579901E+01  7.940153E-02  1.445375E+09  3.762031E-01
     6  2      1  2  6.449756E+01  5.668948E-03  3.410966E+08  8.470627E-02
     6  2      4  0  3.219695E+01  3.062545E-02  4.591981E+08  2.786569E-01

NELE	= 2
NTRANS	= 1
MULTIP	= 1
GAUGE	= 2
MODE	= 0
     1  2      0  0  6.635246E+03  3.087151E-07  1.965895E+08 -6.162918E-05

NELE	= 2
NTRANS	= 6
MULTIP	= 1
GAUGE	= 2
MODE	= 0
     3  2      2  0  2.103478E+00  1.229736E-06  7.870026E+01  6.908327E-03
     4  0      1  2  3.230062E+01  2.513172E-09  1.137767E+02 -7.969694E-05
     5  4      3  2  1.469755E+01  1.082848E-05  2.030004E+04 -7.755273E-03
     6  2      2  0  3.549959E+01  1.957931E-06  3.568884E+04  2.121891E-03
     6  2      3  2  3.339611E+01  1.321455E-06  2.131731E+04 -1.797274E-03
     6  2      5  4  1.869856E+01  1.139221E-06  5.761195E+03  2.230160E-03

NELE	= 2
NTRANS	= 4
MULTIP	= -2
GAUGE	= 2
MODE	= 1
     5  4      2  0  1.680103E+01  3.683916E-10  9.024458E-01  1.212262E-02
     5  4      3  2  1.469755E+01  5.110558E-10  9.580716E-01  1.745068E-02
     6  2      3  2  3.339611E+01  1.477139E-09  2.382876E+01  8.661888E-03
     6  2      5  4  1.869856E+01  9.946054E-11  5.029853E-01 -5.364867E-03

NELE	= 2
NTRANS	= 1
MULTIP	= 2
GAUGE	= 2
MODE	= 1
     5  4      0  0  6.681045E+03  1.679987E-05  6.507800E+09 -3.264615E-04

NELE	= 2
NTRANS	= 4
MULTIP	= 2
GAUGE	= 2
MODE	= 1
     3  2      1  2  3.110145E+01  2.261783E-12  3.164467E-02 -3.771379E-04
     5  4      1  2  4.579901E+01  7.175521E-11  1.306186E+00 -1.188744E-03
     5  4      4  0  1.349839E+01  1.225547E-12  1.937910E-03  9.709296E-04
     6  2      1  2  6.449756E+01  1.802365E-10  1.084470E+01 -1.127333E-03
