FAC 1.1.5
Endian	= 0
TSess	= 1670038341
Type	= 2
Verbose	= 1
Fe Z	=  26.0
NBlocks	= 7

NELE	= 2
NTRANS	= 2
MULTIP	= -1
GAUGE	= 2
MODE	= 1
     3  2      0  0  6.666348E+03  6.550580E-02  4.210600E+13  2.832252E-02
     6  2      0  0  6.699744E+03  7.230701E-01  4.694455E+14 -9.386357E-02

NELE	= 2
NTRANS	= 6
MULTIP	= -1
GAUGE	= 2
MODE	= 1
     2  0      1  2  2.899810E+01  9.884800E-03  3.606755E+08 -1.668150E-01
     3  2      1  2  3.110155E+01  2.925406E-02  4.092969E+08  2.771010E-01
     4  0      3  2  1.198704E+00  1.005229E-04  6.267565E+03  8.273942E-02
     5  4      1  2  4.579902E+01  7.940056E-02  1.445358E+09  3.762008E-01
     6  2      1  2  6.449781E+01  5.668822E-03  3.410916E+08  8.470517E-02
     6  2      4  0  3.219756E+01  3.062552E-02  4.592167E+08  2.786546E-01

NELE	= 2
NTRANS	= 1
MULTIP	= 1
GAUGE	= 2
MODE	= 0
     1  2      0  0  6.635246E+03  3.087043E-07  1.965826E+08 -6.162810E-05

NELE	= 2
NTRANS	= 6
MULTIP	= 1
GAUGE	= 2
MODE	= 0
     3  2      2  0  2.103446E+00  1.229721E-06  7.869692E+01  6.908337E-03
     4  0      1  2  3.230025E+01  2.512888E-09  1.137613E+02 -7.969289E-05
     5  4      3  2  1.469747E+01  1.082845E-05  2.029976E+04 -7.755285E-03
     6  2      2  0  3.549971E+01  1.957917E-06  3.568882E+04  2.121880E-03
     6  2      3  2  3.339626E+01  1.321455E-06  2.131750E+04 -1.797270E-03
     6  2      5  4  1.869879E+01  1.139212E-06  5.761295E+03  2.230137E-03

NELE	= 2
NTRANS	= 4
MULTIP	= -2
GAUGE	= 2
MODE	= 1
     5  4      2  0  1.680092E+01  3.683740E-10  9.023902E-01  1.212246E-02
     5  4      3  2  1.469747E+01  5.110339E-10  9.580195E-01  1.745045E-02
     6  2      3  2  3.339626E+01  1.477099E-09  2.382832E+01  8.661711E-03
     6  2      5  4  1.869879E+01  9.946036E-11  5.029970E-01 -5.364761E-03

NELE	= 2
NTRANS	= 1
MULTIP	= 2
GAUGE	= 2
MODE	= 1
     5  4      0  0  6.681045E+03  1.680026E-05  6.507953E+09 -3.264653E-04

NELE	= 2
NTRANS	= 4
MULTIP	= 2
GAUGE	= 2
MODE	= 1
     3  2      1  2  3.110155E+01  2.261805E-12  3.164517E-02 -3.771380E-04
     5  4      1  2  4.579902E+01  7.175438E-11  1.306172E+00 -1.188737E-03
     5  4      4  0  1.349876E+01  1.225628E-12  1.938145E-03  9.709211E-04
     6  2      1  2  6.449781E+01  1.802361E-10  1.084476E+01 -1.127325E-03
