FAC 1.1.5
Endian	= 0
TSess	= 1749469863
Type	= 2
Verbose	= 1
Fe Z	=  26.0
NBlocks	= 7

NELE	= 2
NTRANS	= 2
MULTIP	= -1
GAUGE	= 2
MODE	= 1
     3  2      0  0  6.666348E+03  6.550407E-02  4.210490E+13  2.832214E-02
     6  2      0  0  6.699744E+03  7.230302E-01  4.694196E+14 -9.386098E-02

NELE	= 2
NTRANS	= 6
MULTIP	= -1
GAUGE	= 2
MODE	= 1
     2  0      1  2  2.899778E+01  9.884980E-03  3.606741E+08 -1.668174E-01
     3  2      1  2  3.110130E+01  2.925460E-02  4.092979E+08  2.771046E-01
     4  0      3  2  1.199747E+00  1.006172E-04  6.284364E+03  8.274224E-02
     5  4      1  2  4.579889E+01  7.940255E-02  1.445386E+09  3.762060E-01
     6  2      1  2  6.449713E+01  5.669058E-03  3.410986E+08  8.470737E-02
     6  2      4  0  3.219608E+01  3.062527E-02  4.591707E+08  2.786599E-01

NELE	= 2
NTRANS	= 1
MULTIP	= 1
GAUGE	= 2
MODE	= 0
     1  2      0  0  6.635247E+03  3.087286E-07  1.965982E+08 -6.163053E-05

NELE	= 2
NTRANS	= 6
MULTIP	= 1
GAUGE	= 2
MODE	= 0
     3  2      2  0  2.103517E+00  1.229750E-06  7.870405E+01  6.908301E-03
     4  0      1  2  3.230105E+01  2.514024E-09  1.138183E+02 -7.970991E-05
     5  4      3  2  1.469759E+01  1.082836E-05  2.029991E+04 -7.755223E-03
     6  2      2  0  3.549934E+01  1.957867E-06  3.568717E+04  2.121863E-03
     6  2      3  2  3.339583E+01  1.321350E-06  2.131526E+04 -1.797210E-03
     6  2      5  4  1.869824E+01  1.139302E-06  5.761407E+03  2.230257E-03

NELE	= 2
NTRANS	= 4
MULTIP	= -2
GAUGE	= 2
MODE	= 1
     5  4      2  0  1.680110E+01  3.684086E-10  9.024951E-01  1.212283E-02
     5  4      3  2  1.469759E+01  5.110756E-10  9.581128E-01  1.745096E-02
     6  2      3  2  3.339583E+01  1.477167E-09  2.382880E+01  8.662079E-03
     6  2      5  4  1.869824E+01  9.945978E-11  5.029645E-01 -5.364982E-03

NELE	= 2
NTRANS	= 1
MULTIP	= 2
GAUGE	= 2
MODE	= 1
     5  4      0  0  6.681046E+03  1.679937E-05  6.507611E+09 -3.264566E-04

NELE	= 2
NTRANS	= 4
MULTIP	= 2
GAUGE	= 2
MODE	= 1
     3  2      1  2  3.110130E+01  2.261762E-12  3.164406E-02 -3.771388E-04
     5  4      1  2  4.579889E+01  7.175576E-11  1.306189E+00 -1.188753E-03
     5  4      4  0  1.349784E+01  1.225424E-12  1.937556E-03  9.709403E-04
     6  2      1  2  6.449713E+01  1.802359E-10  1.084452E+01 -1.127342E-03
