FAC 1.1.4
Endian	= 0
TSess	= 1510331398
Type	= 2
Verbose	= 1
Fe Z	=  26.0
NBlocks	= 5

NELE	= 2
NTRANS	= 4
MULTIP	= -1
GAUGE	= 2
MODE	= 0
     3  2      0  0  6.667559E+03  6.895455E-02  4.433888E+13 -2.905588E-02
     6  2      0  0  6.700387E+03  7.035117E-01  4.568348E+14  9.258098E-02
    10  2      0  0  7.871849E+03  1.448826E-02  1.298547E+13  1.225761E-02
    14  2      0  0  7.881147E+03  1.371170E-01  1.231851E+14 -3.768660E-02

NELE	= 2
NTRANS	= 3
MULTIP	= 1
GAUGE	= 2
MODE	= 0
     1  2      0  0  6.636587E+03  3.237674E-07  2.062580E+08 -6.310739E-05
     7  2      0  0  7.863284E+03  9.994163E-08  8.938042E+07  3.221123E-05
    13  2      0  0  7.880600E+03  1.036095E-09  9.306921E+05  3.276092E-06

NELE	= 2
NTRANS	= 2
MULTIP	= -2
GAUGE	= 2
MODE	= 0
    12  4      0  0  7.880521E+03  1.844934E-04  9.943288E+10 -8.445084E-04
    16  4      0  0  7.882480E+03  3.471114E-04  1.871690E+11 -1.157940E-03

NELE	= 2
NTRANS	= 2
MULTIP	= 2
GAUGE	= 2
MODE	= 0
     5  4      0  0  6.682319E+03  1.681963E-05  6.517937E+09  3.265602E-04
    11  4      0  0  7.876262E+03  4.486551E-06  2.415417E+09  1.318020E-04

NELE	= 2
NTRANS	= 1
MULTIP	= 3
GAUGE	= 2
MODE	= 0
    15  6      0  0  7.882201E+03  1.688288E-08  6.502087E+06  4.520640E-06
